1.000000000000000000e+00
9.950041652780258206e-01
9.800665778412416262e-01
9.553364891256059810e-01
9.210609940028851028e-01
8.775825618903727587e-01
8.253356149096783279e-01
7.648421872844883840e-01
6.967067093471653871e-01
6.216099682706643925e-01
5.403023058681397650e-01
4.535961214255773144e-01
3.623577544766736214e-01
2.674988286245873481e-01
1.699671429002408141e-01
7.073720166770290640e-02
-2.919952230128881540e-02
-1.288444942955248584e-01
-2.272020946930871088e-01
-3.232895668635035746e-01
-4.161468365471424069e-01
-5.048461045998575702e-01
-5.885011172553458181e-01
-6.662760212798244375e-01
-7.373937155412454425e-01
-8.011436155469336962e-01
-8.568887533689473202e-01
-9.040721420170612088e-01
-9.422223406686582869e-01
-9.709581651495906574e-01
-9.899924966004454152e-01
-9.991351502732794820e-01
-9.982947757947531198e-01
-9.874797699088648795e-01
-9.667981925794608689e-01
-9.364566872907963413e-01
-8.967584163341469905e-01
-8.481000317104080422e-01
-7.909677119144165047e-01
-7.259323042001398774e-01
-6.536436208636119405e-01
-5.748239465332685150e-01
-4.902608213406994264e-01
-4.007991720799754520e-01
-3.073328699784193541e-01
-2.107957994307796956e-01
-1.121525269350539811e-01
-1.238866346289056036e-02
8.749898343944639834e-02
1.865123694225757633e-01
2.836621854632262463e-01
3.779777427129810685e-01
4.685166713003771077e-01
5.543743361791607649e-01
6.346928759426346822e-01
7.086697742912599907e-01
7.755658785102501618e-01
8.347127848391597826e-01
8.855195169413193623e-01
9.274784307440359088e-01
9.601702866503659672e-01
9.832684384425847135e-01
9.965420970232174991e-01
9.998586363834151003e-01
9.931849187581925920e-01
9.765876257280234896e-01
9.502325919585292713e-01
9.143831482353194096e-01
8.693974903498248308e-01
8.157251001253568168e-01
7.539022543433046009e-01
6.845466664428059289e-01
6.083513145322545501e-01
5.260775173811045313e-01
4.385473275743903554e-01
3.466353178350258246e-01
2.512598425822548664e-01
1.533738620378643502e-01
5.395542056264886199e-02
-4.600212563953694905e-02
-1.455000338086135381e-01
-2.435441537357911079e-01
-3.391548609838362371e-01
-4.313768449706207875e-01
-5.192886541166855663e-01
-6.020119026848236299e-01
-6.787200473200124540e-01
-7.486466455973999068e-01
-8.110930140616560147e-01
-8.654352092411122799e-01
-9.111302618846769397e-01
-9.477216021311118954e-01
-9.748436214041640291e-01
-9.922253254526034461e-01
-9.996930420352064806e-01
-9.971721561963784453e-01
-9.846878557941269872e-01
-9.623648798313096941e-01
-9.304262721047532603e-01
-8.891911526253608589e-01
